[Module parameters]
Order_ID	003MEYB0721
Internal_ID	Trinasolar_TSM-395DE09.08
Producer	Trinasolar
Module_Type	TSM-395DE09.08
Technology	mono-Si
Serial_Number	-
Number_of_cells	120
Module_Length[mm]	1754
Module_Width[mm]	1095
Module_Area_[m2]	1.921

[Spectral responsivity]
Wavelength [nm]	 s(λ)
290	0.000
350	0.298
375	0.346
401	0.389
425	0.422
453	0.453
474	0.476
500	0.515
524	0.536
552	0.567
574	0.590
594	0.614
625	0.643
650	0.683
700	0.729
750	0.779
771	0.796
800	0.828
827	0.851
850	0.874
875	0.890
900	0.920
917	0.941
950	0.978
977	0.988
1000	1.000
1061	0.889
1099	0.714
1190	0.000

[Power Rating Matrix]
G [W/m2]	T [deg]	Pmpp [W]
1100	75	361.33
1000	75	328.30
900	75	295.28
800	75	261.83
700	75	228.28
600	75	194.48
1100	50	399.53
1000	50	363.40
900	50	325.96
800	50	289.73
700	50	252.31
600	50	215.45
500	50	178.22
400	50	141.52
1100	25	437.13
1000	25	396.69
900	25	356.94
800	25	316.45
700	25	276.12
600	25	235.68
500	25	195.15
400	25	155.18
300	25	114.76
200	25	75.00
100	25	35.94
1000	15	410.12
900	15	368.67
800	15	326.92
700	15	285.23
600	15	243.59
500	15	201.72
400	15	160.44
300	15	118.78
200	15	77.56
100	15	37.39

[Angle of incidence]
a_r	0.13848

[Thermal coefficients]
Irradiance impact: u_0	30.1
Wind impact: u_1	4.4