[Module parameters]
Order_ID	003MEYB0721
Internal_ID	Sunpower_SPR-MAX3-375-BLK
Producer	Sunpower
Module_Type	SPR-MAX3-375-BLK
Technology	mono-Si
Serial_Number	-
Number_of_cells	104
Module_Length[mm]	1690
Module_Width[mm]	1045
Module_Area_[m2]	1.766

[Spectral responsivity]
Wavelength [nm]	 s(λ)
290	0.000
350	0.336
375	0.383
401	0.424
425	0.454
453	0.484
474	0.507
500	0.541
524	0.563
552	0.596
574	0.618
594	0.643
625	0.673
650	0.707
700	0.759
750	0.815
771	0.834
800	0.871
827	0.896
850	0.921
875	0.953
900	0.971
917	0.983
950	1.000
977	0.991
1000	0.957
1061	0.695
1099	0.460
1190	0.000

[Power Rating Matrix]
G [W/m2]	T [deg]	Pmpp [W]
1100	75	356.30
1000	75	322.93
900	75	289.68
800	75	256.69
700	75	223.58
600	75	190.44
1100	50	387.48
1000	50	351.52
900	50	315.57
800	50	279.35
700	50	243.65
600	50	207.66
500	50	172.25
400	50	136.39
1100	25	418.00
1000	25	379.70
900	25	340.85
800	25	302.63
700	25	264.10
600	25	224.93
500	25	186.37
400	25	147.83
300	25	109.72
200	25	71.66
100	25	34.30
1000	15	390.20
900	15	350.40
800	15	310.25
700	15	270.69
600	15	230.70
500	15	191.40
400	15	152.14
300	15	112.51
200	15	73.70

[Angle of incidence]
a_r	0.10032

[Thermal coefficients]
Irradiance impact: u_0	30.1
Wind impact: u_1	4.4